[[100 121 125]
 [100 121 125]
 [104 121 125]
 ...
 [147 141 131]
 [145 140 134]
 [145 140 134]]
[[100 121 125]
 [ 99 120 124]
 [ 99 122 120]
 ...
 [143 140 134]
 [141 141 134]
 [138 138 131]]
[[ 99 121 129]
 [ 98 120 128]
 [ 97 121 124]
 ...
 [149 139 134]
 [143 140 134]
 [143 140 134]]
[[ 99 123 126]
 [ 98 122 125]
 [ 98 122 125]
 ...
 [147 141 131]
 [145 140 134]
 [145 140 134]]
[[102 124 127]
 [101 123 126]
 [101 123 126]
 ...
 [145 141 131]
 [143 140 134]
 [143 140 134]]
[[101 120 131]
 [101 120 131]
 [101 120 131]
 ...
 [146 139 138]
 [146 139 138]
 [145 138 137]]
[[102 120 133]
 [102 120 133]
 [102 121 132]
 ...
 [149 137 137]
 [148 139 138]
 [148 139 138]]
[[102 120 135]
 [102 120 135]
 [100 121 133]
 ...
 [146 139 138]
 [146 139 138]
 [145 138 137]]
[[ 99 120 131]
 [100 122 132]
 [102 121 132]
 ...
 [151 140 139]
 [152 139 136]
 [151 138 135]]
[[185 170 161]
 [184 169 160]
 [187 169 161]
 ...
 [ 59 110 120]
 [ 56 112 121]
 [ 56 112 121]]
